"","Temp_max_emas","Temp_min_emas","Temp_max_merra","Temp_min_merra","Differential_max","Differential_min","Temp_mean_merra","Temp_mean_emas","Humedad","Presion_barometrica","Precipitacion","Radiacion_solar"
"Temp_max_emas",1,0.282086543529768,0.681708980236201,0.167890250370308,-0.335838053174657,-0.267722559007324,0.545412755497643,0.280452204467475,-0.27553464502915,-0.260056580656477,0.191561971377931,0.0719638197071909
"Temp_min_emas",0.282086543529768,1,0.24507587261297,0.557912670655151,-0.155732045271439,-0.411486019049166,0.514222755593925,0.265271214638316,0.0244409163950325,-0.137274613005066,0.331553570121983,-0.0431228223753257
"Temp_max_merra",0.681708980236201,0.24507587261297,1,0.121666651741444,0.113756086455987,-0.238775227120011,0.639333165288737,0.19801440958148,-0.318927793381399,-0.44664457311763,0.139642452869731,-0.0110700740908636
"Temp_min_merra",0.167890250370308,0.557912670655151,0.121666651741444,1,-0.215173439331578,0.00110341728947708,0.623307246232382,0.228605098782685,0.183059975245238,-0.0860953579284092,0.253058537106519,-0.0196837341873559
"Differential_max",-0.335838053174657,-0.155732045271439,0.113756086455987,-0.215173439331578,1,0.0822475954509107,-0.0551853022754808,-0.157659250379954,0.00258099211700429,-0.141872056916618,-0.210537885269263,-0.112723446575662
"Differential_min",-0.267722559007324,-0.411486019049166,-0.238775227120011,0.00110341728947708,0.0822475954509107,1,-0.145950466529871,-0.0933657516088622,0.200599849285127,0.0842395004791536,-0.297347474956484,0.0423040835114757
"Temp_mean_merra",0.545412755497643,0.514222755593925,0.639333165288737,0.623307246232382,-0.0551853022754808,-0.145950466529871,1,0.283781169807304,-0.11208334606365,-0.316552510966702,0.22844752265528,0.0022285025973006
"Temp_mean_emas",0.280452204467475,0.265271214638316,0.19801440958148,0.228605098782685,-0.157659250379954,-0.0933657516088622,0.283781169807304,1,-0.203460595696286,0.0937440999085488,-0.0821466167489134,0.256327865235379
"Humedad",-0.27553464502915,0.0244409163950325,-0.318927793381399,0.183059975245238,0.00258099211700429,0.200599849285127,-0.11208334606365,-0.203460595696286,1,0.151339299525863,-0.0155160326867778,-0.116701420123128
"Presion_barometrica",-0.260056580656477,-0.137274613005066,-0.44664457311763,-0.0860953579284092,-0.141872056916618,0.0842395004791536,-0.316552510966702,0.0937440999085488,0.151339299525863,1,-0.135447814510721,0.318680977346846
"Precipitacion",0.191561971377931,0.331553570121983,0.139642452869731,0.253058537106519,-0.210537885269263,-0.297347474956484,0.22844752265528,-0.0821466167489134,-0.0155160326867778,-0.135447814510721,1,-0.183224105770155
"Radiacion_solar",0.0719638197071909,-0.0431228223753257,-0.0110700740908636,-0.0196837341873559,-0.112723446575662,0.0423040835114757,0.0022285025973006,0.256327865235379,-0.116701420123128,0.318680977346846,-0.183224105770155,1
